# print 1
# lengte 30
netlist_1 = [(23, 4), (5, 7), (1, 0), (15, 21), (3, 5), (7, 13), (3, 23), (23, 8), (22, 13), (15, 17), (20, 10), (15, 8), (13, 18), (19, 2), (22, 11), (10, 4), (11, 24), (3, 15), (2, 20), (3, 4), (20, 19), (16, 9), (19, 5), (3, 0), (15, 5), (6, 14), (7, 9), (9, 13), (22, 16), (10, 7)]

# lengte 40
netlist_2 = [(12, 20), (23, 20), (6, 9), (15, 10), (12, 13), (8, 18), (1, 22), (10, 20), (4, 3), (10, 5), (17, 11), (1, 21), (22, 8), (22, 10), (19, 8), (13, 19), (10, 4), (9, 23), (22, 18), (16, 21), (4, 0), (18, 21), (5, 17), (8, 23), (18, 13), (13, 11), (11, 7), (14, 7), (14, 6), (14, 1), (24, 12), (11, 15), (2, 5), (11, 12), (0, 15), (14, 5), (15, 4), (19, 9), (3, 0), (15, 13)]

# lengte 50
netlist_3 = [(0, 13), (0, 14), (0, 22), (8, 7), (2, 6), (3, 19), (3, 9), (4, 8), (4, 9), (5, 14), (6, 4), (4, 1), (7, 23), (10, 0), (10, 1), (8, 1), (7, 5), (12, 14), (13, 2), (8, 10), (11, 0), (11, 17), (11, 3), (8, 9), (12, 24), (13, 4), (13, 19), (15, 21), (10, 3), (18, 10), (24, 23), (16, 7), (17, 15), (17, 21), (17, 9), (18, 20), (18, 2), (12, 9), (1, 13), (19, 21), (20, 6), (1, 15), (2, 16), (20, 16), (22, 11), (22, 18), (2, 3), (5, 12), (24, 15), (24, 16)]

# print 2
#lengte 50
netlist_4 = [(42, 3), (3, 48), (14, 6), (36, 2), (14, 4), (10, 32), (47, 22), (41, 1), (21, 6), (39, 18), (22, 49), (35, 14), (5, 31), (48, 24), (12, 14), (8, 42), (28, 43), (20, 40), (26, 24), (46, 35), (0, 12), (46, 12), (35, 26), (21, 7), (43, 15), (0, 21), (35, 19), (31, 11), (43, 30), (12, 1), (4, 30), (49, 13), (4, 29), (8, 28), (32, 29), (34, 45), (14, 39), (17, 25), (28, 27), (31, 25), (37, 16), (2, 3), (3, 31), (4, 23), (5, 44), (33, 30), (36, 4), (29, 9), (46, 0), (39, 15)]

#lengte 60
netlist_5 = [(34, 21), (48, 47), (38, 16), (0, 16), (28, 40), (24, 8), (36, 37), (26, 8), (8, 27), (39, 48), (44, 34), (22, 30), (43, 44), (47, 5), (19, 30), (31, 41), (0, 10), (12, 32), (3, 33), (45, 18), (0, 21), (23, 43), (44, 42), (18, 11), (24, 23), (41, 13), (26, 1), (16, 1), (20, 29), (31, 4), (7, 28), (28, 45), (0, 12), (44, 29), (34, 5), (2, 17), (9, 5), (30, 9), (36, 29), (18, 27), (32, 11), (40, 10), (4, 40), (35, 6), (17, 3), (10, 19), (25, 24), (20, 47), (12, 25), (4, 15), (19, 33), (33, 36), (1, 3), (13, 49), (25, 49), (15, 42), (33, 4), (27, 22), (4, 8), (12, 24)]

#lengte 70
netlist_6 = [(16, 10), (25, 17), (1, 11), (32, 2), (1, 20), (12, 36), (34, 19), (11, 10), (11, 45), (21, 42), (36, 20), (15, 22), (3, 21), (48, 2), (32, 25), (38, 49), (24, 29), (14, 16), (0, 3), (30, 7), (3, 10), (16, 8), (46, 0), (26, 41), (34, 2), (1, 13), (25, 6), (49, 28), (27, 47), (3, 14), (40, 47), (14, 43), (14, 46), (27, 38), (14, 34), (26, 39), (47, 44), (46, 29), (12, 9), (49, 12), (38, 7), (30, 32), (30, 40), (13, 45), (5, 41), (29, 37), (45, 38), (44, 34), (44, 28), (22, 44), (43, 31), (48, 34), (6, 33), (33, 7), (1, 37), (5, 17), (37, 2), (39, 38), (27, 36), (18, 42), (17, 35), (12, 5), (37, 40), (5, 39), (37, 43), (8, 4), (39, 3), (33, 31), (21, 33), (0, 39)]




print("netlist_X = [", end="")
k = 0
for j in netlist_6:
    if k == 1.0:
        print("\t")
        k = 0.0
    currentTup = j
    print("(", end="")
    for i in currentTup:
        i += 1
        if i == currentTup[-1] +1:
            print(i, end="")
        else:
            print(i, end="")
            print(", ",end="")
    print("), ", end="")
    k += 0.2
print("]",end="")

netlist_1 = [(24, 5), (6, 8), (2, 1), (16, 22), (4, 6),
             (8, 14), (4, 24), (24, 9), (23, 14), (16, 18),
             (21, 11), (16, 9), (14, 19), (20, 3), (23, 12),
             (11, 5), (12, 25), (4, 16), (3, 21), (4, 5),
             (21, 20), (17, 10), (20, 6), (4, 1), (16, 6),
             (7, 15), (8, 10), (10, 14), (23, 17), (11, 8)]

netlist_2 = [(13, 21), (24, 21), (7, 10), (16, 11), (13, 14),
             (9, 19), (2, 23), (11, 21), (5, 4), (11, 6),
             (18, 12), (2, 22), (23, 9), (23, 11), (20, 9),
             (14, 20), (11, 5), (10, 24), (23, 19), (17, 22),
             (5, 1), (19, 22), (6, 18), (9, 24), (19, 14),
             (14, 12), (12, 8), (15, 8), (15, 7), (15, 2),
             (25, 13), (12, 16), (3, 6), (12, 13), (1, 16),
             (15, 6), (16, 5), (20, 10), (4, 1), (16, 14)]

netlist_3 = [(1, 14), (1, 15), (1, 23), (9, 8), (3, 7),
             (4, 20), (4, 10), (5, 9), (5, 10), (6, 15),
             (7, 5), (5, 2), (8, 24), (11, 1), (11, 2),
             (9, 2), (8, 6), (13, 15), (14, 3), (9, 11),
             (12, 1), (12, 18), (12, 4), (9, 10), (13, 25),
             (14, 5), (14, 20), (16, 22), (11, 4), (19, 11),
             (25, 24), (17, 8), (18, 16), (18, 22), (18, 10),
             (19, 21), (19, 3), (13, 10), (2, 14), (20, 22),
             (21, 7), (2, 16), (3, 17), (21, 17), (23, 12),
             (23, 19), (3, 4), (6, 13), (25, 16), (25, 17)]

netlist_4 = [(43, 4), (4, 49), (15, 7), (37, 3), (15, 5),
             (11, 33), (48, 23), (42, 2), (22, 7), (40, 19),
             (23, 50), (36, 15), (6, 32), (49, 25), (13, 15),
             (9, 43), (29, 44), (21, 41), (27, 25), (47, 36),
             (1, 13), (47, 13), (36, 27), (22, 8), (44, 16),
             (1, 22), (36, 20), (32, 12), (44, 31), (13, 2),
             (5, 31), (50, 14), (5, 30), (9, 29), (33, 30),
             (35, 46), (15, 40), (18, 26), (29, 28), (32, 26),
             (38, 17), (3, 4), (4, 32), (5, 24), (6, 45),
             (34, 31), (37, 5), (30, 10), (47, 1), (40, 16)]

netlist_5 = [(35, 22), (49, 48), (39, 17), (1, 17), (29, 41),
             (25, 9), (37, 38), (27, 9), (9, 28), (40, 49),
             (45, 35), (23, 31), (44, 45), (48, 6), (20, 31),
             (32, 42), (1, 11), (13, 33), (4, 34), (46, 19),
             (1, 22), (24, 44), (45, 43), (19, 12), (25, 24),
             (42, 14), (27, 2), (17, 2), (21, 30), (32, 5),
             (8, 29), (29, 46), (1, 13), (45, 30), (35, 6),
             (3, 18), (10, 6), (31, 10), (37, 30), (19, 28),
             (33, 12), (41, 11), (5, 41), (36, 7), (18, 4),
             (11, 20), (26, 25), (21, 48), (13, 26), (5, 16),
             (20, 34), (34, 37), (2, 4), (14, 50), (26, 50),
             (16, 43), (34, 5), (28, 23), (5, 9), (13, 25)]

netlist_6 = [(17, 11), (26, 18), (2, 12), (33, 3), (2, 21),
             (13, 37), (35, 20), (12, 11), (12, 46), (22, 43),
             (37, 21), (16, 23), (4, 22), (49, 3), (33, 26),
             (39, 50), (25, 30), (15, 17), (1, 4), (31, 8),
             (4, 11), (17, 9), (47, 1), (27, 42), (35, 3),
             (2, 14), (26, 7), (50, 29), (28, 48), (4, 15),
             (41, 48), (15, 44), (15, 47), (28, 39), (15, 35),
             (27, 40), (48, 45), (47, 30), (13, 10), (50, 13),
             (39, 8), (31, 33), (31, 41), (14, 46), (6, 42),
             (30, 38), (46, 39), (45, 35), (45, 29), (23, 45),
             (44, 32), (49, 35), (7, 34), (34, 8), (2, 38),
             (6, 18), (38, 3), (40, 39), (28, 37), (19, 43),
             (18, 36), (13, 6), (38, 41), (6, 40), (38, 44),
             (9, 5), (40, 4), (34, 32), (22, 34), (1, 40)]